jeep_faav=750.0
xpak_civ2=1000.0
jep_mec_paratrooper=750.0
xpak_civ1=600.0
usjep_hmmwv=1000.0
jep_vodnik=1000.0
xpak_atv=500.0
jep_nanjing=1000.0
xpak_ailraider=743.777160645
xpak_forklift=440.0
she_littlebird=650.0
she_ec635=646.850402832
boat_rib=509.291381836
che_wz11=128.946014404
xpak_jetski=395.953857422
truck1=2486.24291992
xpak2_semi=979.860046387
xp2_musclecar_01=750.0
